89528
89564
98292
89717
89467
98084
89683
89659
98194
89794
89402
98190
89522
89673
98202
89724
89452
98030
89690
89695
98311
89604
89792
98074
89658
89660
98216
89904
89562
98094
89587
98132
89489
89693
98235
89543
89853
97903
89642
89545
98110
89810
89704
89603
89556
98113
89664
89745
98208
89716
89611
98082
89696
89767
98181
89721
89633
98213
89626
89840
98162
89801
89546
98223
89735
98270
89788
89515
98054
89509
89633
98241
89772
89544
97984
89639
89670
98141
89868
89564
98033
89577
89598
98149
89855
89324
98102
89551
89637
98135
89947
89507
98010
89680
89675
98105
89831
89608
89474
89596
89757
98265
89798
89546
89508
89704
97992
89755
89578
97979
89540
89762
98059
89804
89672
98114
89658
89686
98191
89790
89572
97971
89722
89624
98207
89844
89458
98053
89658
89623
98142
89824
89691
97993
89552
89660
98082
89870
89391
98159
89554
89628
98000
89719
89635
98027
89497
89556
98216
89607
89575
97969
89610
89525
98302
89543
89635
97938
89655
89718
98253
89750
89494
98020
89614
89626
98194
89935
89479
98113
89543
89520
98262
89688
89629
98004
89599
89601
98184
89809
89509
98086
89581
89601
98028
89851
89298
98222
89582
89605
98286
89643
89606
97930
89619
89795
98129
89824
89413
98203
89504
89673
98079
89746
89495
98345
89729
89607
98330
89700
89571
98100
89714
89469
98212
89765
89637
89511
89685
98173
89646
89646
98056
89591
89594
98170
89599
89806
97964
89623
89529
98077
89765
98373
89432
89546
98190
89607
89686
98037
89499
89582
98210
89586
89739
98068
89735
89749
98210
89657
89764
97925
89598
89729
98109
89631
89819
97979
89436
89611
98109
89696
89778
98130
89499
89471
98218
89680
89760
98146
89640
98239
89657
89757
98188
89505
89567
98126
89544
89768
98247
89553
89614
97992
89742
89557
98307
89493
89576
98140
89623
